Run semi-empirical minimization
 &qmmm
    qm_theory='AM1', grms_tol=0.0005,
 scfconv=1.d-10, ndiis_attempts=700,   qmcharge=-2,
 /
  15    PA       82.3510       77.9120       42.1910 
   8   O1A       82.4070       79.3960       42.2750 
   8   O2A       82.8520       77.3040       40.7890 
   8   O5B       83.3970       77.2000       43.2090 
   6   C5B       83.6800       77.9570       44.4110 
   6   C4B       84.2170       77.1160       45.5900 
   8   O4B       83.6580       77.5980       46.8370 
   6   C3B       83.7220       75.6460       45.4670 
   8   O3B       84.8340       74.7470       45.5770 
   6   C2B       82.7240       75.4770       46.6290 
   8   O2B       82.6650       74.1420       47.1440 
   6   C1B       83.2250       76.4940       47.6630 
   7   N9A       82.2110       76.9180       48.6400 
   6   C8A       81.6010       78.1510       48.8050 
   7   N7A       80.6080       78.2180       49.7680 
   6   C5A       80.6340       76.9340       50.2080 
   6   C6A       79.8340       76.3590       51.2180 
   7   N6A       78.8610       77.0620       51.9170 
   7   N1A       79.9870       75.0630       51.5500 
   6   C2A       80.9280       74.3630       50.8750 
   7   N3A       81.7340       74.8290       49.8940 
   6   C4A       81.5720       76.1270       49.5680 
   8    O3       80.8610       77.2870       42.2780 
  15    PN       80.0120       77.2920       43.6550 
   8   O1N       80.2220       76.0970       44.5140 
   8   O2N       78.5180       77.4420       43.0790 
   8   O5D       80.1490       78.6850       44.4830 
   6   C5D       79.9630       78.5550       45.9160 
   6   C4D       78.5680       78.9680       46.4340 
   8   O4D       77.7690       79.5240       45.3760 
   6   C3D       77.7650       77.7160       46.8720 
   8   O3D       77.8480       77.5310       48.2910 
   6   C2D       76.3210       77.9310       46.3460 
   8   O2D       75.3330       77.9150       47.3850 
   6   C1D       76.3680       79.3080       45.6540 
   7   N1N       75.5750       79.3850       44.4090 
   6   C2N       76.2230       79.6890       43.2020 
   6   C3N       75.6260       79.5030       41.9980 
   6   C7N       76.3770       79.8210       40.7400 
   8   O7N       77.5800       79.9990       40.7190 
   7   N7N       75.6500       79.8960       39.5690 
   6   C4N       74.1870       78.9730       41.8870 
   6   C5N       73.5560       78.7910       43.2550 
   6   C6N       74.2310       79.0010       44.3910 
   1    H1       76.9520       77.6170       48.6570 
   1    H2       84.6430       74.1430       46.3190 
   1    H3       75.4950       77.1290       47.9340 
   1    H4       82.2740       74.1760       48.0320 
   1    H5       76.1320       80.1170       38.7070 
   1    H6       74.6500       79.7300       39.5750 
   1    H7       78.0040       77.3260       51.4510 
   1    H8       79.1150       77.5060       52.7900 
   1    H9       80.2610       77.6640       46.2240 
   1   H10       84.2230       78.7550       44.1990 
   1   H11       80.7150       78.9730       46.4020 
   1   H12       82.9160       78.5410       44.6420 
   1   H13       81.8620       78.9470       48.2590 
   1   H14       83.9520       76.1500       48.2560 
   1   H15       75.9880       80.0420       46.2160 
   1   H16       81.0390       73.4010       51.1270 
   1   H17       73.7220       78.8680       45.2410 
   1   H18       78.6970       79.6600       47.1440 
   1   H19       85.2120       77.2070       45.6240 
   1   H20       78.1440       76.8440       46.5620 
   1   H21       83.3350       75.3900       44.5800 
   1   H22       77.1530       80.0550       43.1990 
   1   H23       75.9910       77.1790       45.7730 
   1   H24       81.7630       75.5760       46.3700 
   1   H25       73.6180       79.4880       41.2620 
   1   H26       74.0980       78.1740       41.3080 
   1   H27       72.6110       78.5070       43.4220 

